1 1 
1 2 
1 5 
1 6 
1 7 
1 3 
1 8 
1 4 
5 1 
5 9 
5 10 
5 11 
5 12 
5 13 
5 14 
5 15 
5 16 
5 17 
5 18 
5 19 
5 7 
5 8 
6 1 
6 20 
6 12 
6 13 
6 21 
6 22 
6 23 
6 24 
6 25 
6 7 
6 8 
7 1 
7 5 
7 26 
7 27 
7 23 
7 28 
7 29 
7 30 
7 18 
7 31 
7 32 
7 8 
8 1 
8 5 
8 33 
8 34 
8 35 
8 21 
8 36 
8 37 
8 32 
8 7 
9 21 
10 1 
10 5 
10 26 
10 12 
10 13 
10 27 
10 23 
10 28 
10 24 
10 17 
10 29 
10 30 
10 18 
10 19 
10 32 
10 7 
10 8 
11 5 
11 9 
11 10 
11 21 
11 14 
11 22 
11 24 
11 15 
11 32 
11 7 
11 8 
12 1 
12 5 
12 7 
12 8 
13 1 
13 5 
13 10 
13 16 
13 19 
13 7 
13 8 
15 21 
15 22 
15 23 
16 1 
16 5 
16 29 
16 7 
16 8 
17 1 
17 5 
17 11 
17 7 
17 8 
18 1 
18 5 
18 7 
18 8 
19 1 
19 5 
19 7 
19 8 
20 1 
20 10 
20 26 
20 12 
20 13 
20 27 
20 21 
20 22 
20 23 
20 28 
20 25 
20 18 
20 19 
20 7 
20 8 
23 1 
23 5 
23 7 
23 8 
24 1 
24 5 
24 32 
24 7 
24 8 
25 1 
25 10 
25 20 
25 26 
25 12 
25 13 
25 21 
25 22 
25 23 
25 28 
25 19 
25 7 
25 8 
26 1 
26 5 
26 9 
26 10 
26 27 
26 24 
26 29 
26 30 
26 18 
26 31 
26 7 
26 8 
27 1 
27 5 
27 7 
27 8 
28 1 
28 5 
28 10 
28 27 
28 24 
28 29 
28 30 
28 18 
28 31 
28 32 
28 7 
28 8 
29 1 
29 5 
29 27 
29 18 
29 7 
29 8 
30 1 
30 5 
30 32 
30 7 
30 8 
31 1 
31 5 
31 10 
31 27 
31 22 
31 23 
31 24 
31 18 
31 32 
31 7 
31 8 
32 1 
32 5 
32 9 
32 10 
32 21 
32 22 
32 23 
32 24 
32 7 
34 1 
34 5 
34 32 
34 7 
34 8 
35 1 
35 5 
35 32 
35 7 
35 8 
36 1 
36 5 
36 32 
36 7 
36 8 
38 39 
38 40 
40 38 
40 39 
