1 1 
1 2 
1 5 
1 6 
1 7 
1 3 
1 8 
1 4 
5 1 
5 9 
5 10 
5 11 
5 12 
5 13 
5 14 
5 15 
5 16 
5 17 
5 18 
5 19 
5 7 
5 8 
6 1 
6 20 
6 12 
6 13 
6 7 
6 8 
7 1 
7 5 
7 18 
7 8 
8 1 
8 5 
8 7 
10 1 
10 5 
10 12 
10 13 
10 17 
10 18 
10 19 
10 7 
10 8 
11 5 
11 9 
11 10 
11 14 
11 15 
11 7 
11 8 
12 1 
12 5 
12 7 
12 8 
13 1 
13 5 
13 10 
13 16 
13 19 
13 7 
13 8 
16 1 
16 5 
16 7 
16 8 
17 1 
17 5 
17 11 
17 7 
17 8 
18 1 
18 5 
18 7 
18 8 
19 1 
19 5 
19 7 
19 8 
20 1 
20 10 
20 12 
20 13 
20 18 
20 19 
20 7 
20 8 
